Recruit			30	30	0	1	35	4	3	6	1	1	0	6	6	6	6	100	0	0	0	0	0	0	0	0	0	0	0	0	0	0	0	0	0	0	0	0	0	0	0	0	0	0	0	0	0	0	0
Archer			34	34	0	1	75	5	3	6	1	10	0	10	10	16	6	100	0	0	0	0	0	0	0	0	0	0	0	0	0	0	0	0	0	0	0	0	0	0	0	0	0	0	0	0	0	0	0
Assassin		32	32	0	1	90	6	3	6	1	10	0	8	16	6	6	100	0	0	0	0	0	0	0	0	0	0	0	0	0	0	0	0	0	0	0	0	0	0	0	0	0	0	0	0	0	0	0
Berseker		44	44	0	1	60	6	3	6	1	10	0	16	8	6	6	100	0	0	0	0	0	0	0	0	0	0	0	0	0	0	0	0	0	0	0	0	0	0	0	0	0	0	0	0	0	0	0
Brute			62	62	0	1	50	4	3	6	1	10	0	18	7	6	6	100	0	0	0	0	0	0	0	0	0	0	0	0	0	0	0	0	0	0	0	0	0	0	0	0	0	0	0	0	0	0	0
Cleric			42	42	0	1	70	4	3	6	1	10	0	12	9	8	14	100	0	0	0	0	0	0	0	0	0	0	0	0	0	0	0	0	0	0	0	0	0	0	0	0	0	0	0	0	0	0	0
Elementalist	34	34	0	1	70	5	3	6	1	10	0	6	10	9	18	100	0	0	0	0	0	0	0	0	0	0	0	0	0	0	0	0	0	0	0	0	0	0	0	0	0	0	0	0	0	0	0
Scout			32	32	0	1	70	6	3	7	1	10	0	8	10	6	6	100	0	0	0	0	0	0	0	0	0	0	0	0	0	0	0	0	0	0	0	0	0	0	0	0	0	0	0	0	0	0	0
Spearman		54	54	0	1	45	4	3	6	1	10	0	16	10	10	6	100	0	0	0	0	0	0	0	0	0	0	0	0	0	0	0	0	0	0	0	0	0	0	0	0	0	0	0	0	0	0	0
Swordman		42	42	0	1	65	5	3	6	1	10	0	14	14	6	6	100	0	0	0	0	0	0	0	0	0	0	0	0	0	0	0	0	0	0	0	0	0	0	0	0	0	0	0	0	0	0	0
lvl10max		62	62	60	10	115	7	3	6	1	10	100	22	22	22	22	100	0	0	0	0	0	0	0	0	0	0	0	0	0	0	0	0	0	0	0	0	0	0	0	0	0	0	0	0	0	0	0
lvl20max		94	94	60	20	195	7	3	7	1	20	100	38	38	38	38	100	0	0	0	0	0	0	0	0	0	0	0	0	0	0	0	0	0	0	0	0	0	0	0	0	0	0	0	0	0	0	0
lvl30max		126	126	60	30	275	7	3	8	1	30	100	54	54	54	54	100	0	0	0	0	0	0	0	0	0	0	0	0	0	0	0	0	0	0	0	0	0	0	0	0	0	0	0	0	0	0	0
lvl40max		158	158	60	40	355	7	3	9	1	40	100	70	70	70	70	100	0	0	0	0	0	0	0	0	0	0	0	0	0	0	0	0	0	0	0	0	0	0	0	0	0	0	0	0	0	0	0
BonusMax		32	32	0	10	80	7	3	1	6	0	0	16	16	16	16	0	0	0	0	0	0	0	0	0	0	0	0	0	0	0	0	0	0	0	0	0	0	0	0	0	0	0	0	0	0	0	0
